0.000728251, 0.000592569, 0.000442985, 0.000226444, 8.79045e-05, 
 
0.000694364, 0.000562143, 0.000417714, 0.000211385, 8.13812e-05, 2
0.000639565, 0.000519728, 0.000387927, 0.000197781, 7.66115e-05, 2
0.000583644, 0.00047462, 0.000354556, 0.000181023, 7.02025e-05, 1
0.000546758, 0.000444739, 0.000332336, 0.000169766, 6.58651e-05, 1
0.000485832, 0.000395229, 0.000295382, 0.000150926, 5.85673e-05, 1
0.000364283, 0.000296369, 0.000221516, 0.000113201, 4.39332e-05, 6
0.000364241, 0.000296346, 0.00022151, 0.000113206, 4.39383e-05, 7
 
0.000732173, 0.000592885, 0.000440676, 0.000223105, 8.59255e-05, 3
0.000721836, 0.000586646, 0.00043793, 0.000223323, 8.65205e-05, 3
0.000716397, 0.000582612, 0.000435264, 0.000222258, 8.6203e-05, 2
0.000711839, 0.00057904, 0.000432715, 0.00022106, 8.57714e-05, 2
0.000707171, 0.000575305, 0.000429979, 0.00021971, 8.52628e-05, 3
0.00070248, 0.000571522, 0.000427181, 0.000218306, 8.47264e-05, 2
0.000698084, 0.000567965, 0.000424541, 0.000216972, 8.42137e-05, 4
 
0.000735912, 0.000595927, 0.00044295, 0.000224267, 8.63766e-05, 13
0.000729413, 0.000592811, 0.000442539, 0.000225678, 8.74348e-05, 14
0.000727876, 0.000591952, 0.000442246, 0.000225827, 8.75885e-05, 9
0.000727063, 0.000591427, 0.000441975, 0.000225794, 8.76089e-05, 9
0.000726462, 0.000591001, 0.000441713, 0.000225708, 8.75911e-05, 11
0.000725937, 0.000590608, 0.00044145, 0.0002256, 8.75576e-05, 14
0.000725455, 0.000590237, 0.00044119, 0.000225483, 8.75174e-05, 10
 
0.000736284, 0.00059623, 0.000443176, 0.000224383, 8.64215e-05, 79
0.000730168, 0.000593426, 0.000442998, 0.000225913, 8.7526e-05, 81
0.000729013, 0.000592877, 0.000442937, 0.000226181, 8.77257e-05, 78
0.000728582, 0.000592663, 0.000442899, 0.000226266, 8.77922e-05, 80
0.00072836, 0.000592545, 0.000442867, 0.000226298, 8.78202e-05, 85
0.00072822, 0.000592466, 0.000442838, 0.000226309, 8.78331e-05, 85
0.000728119, 0.000592404, 0.000442811, 0.000226311, 8.78389e-05, 78
 
0.000736322, 0.00059626, 0.000443199, 0.000224395, 8.6426e-05, 793
0.000730244, 0.000593487, 0.000443044, 0.000225936, 8.75351e-05, 776
0.000729126, 0.00059297, 0.000443007, 0.000226216, 8.77394e-05, 768
0.000728734, 0.000592786, 0.000442991, 0.000226313, 8.78105e-05, 779
0.00072855, 0.0005927, 0.000442983, 0.000226357, 8.78431e-05, 777
0.000728448, 0.000592651, 0.000442977, 0.00022638, 8.78606e-05, 816
0.000728385, 0.00059262, 0.000442972, 0.000226394, 8.78709e-05, 770
 
0.000694364, 0.000562143, 0.000417714, 0.000211385, 8.13812e-05, 2
0.000732173, 0.000592885, 0.000440676, 0.000223105, 8.59255e-05, 2
0.000735912, 0.000595927, 0.00044295, 0.000224267, 8.63766e-05, 21
0.000736284, 0.00059623, 0.000443176, 0.000224383, 8.64215e-05, 83
0.000736322, 0.00059626, 0.000443199, 0.000224395, 8.6426e-05, 830
 
0.000639565, 0.000519728, 0.000387927, 0.000197781, 7.66115e-05, 2
0.000721836, 0.000586646, 0.00043793, 0.000223323, 8.65205e-05, 2
0.000729413, 0.000592811, 0.000442539, 0.000225678, 8.74348e-05, 11
0.000730168, 0.000593426, 0.000442998, 0.000225913, 8.7526e-05, 84
0.000730244, 0.000593487, 0.000443044, 0.000225936, 8.75351e-05, 780
 
0.000583644, 0.00047462, 0.000354556, 0.000181023, 7.02025e-05, 1
0.000716397, 0.000582612, 0.000435264, 0.000222258, 8.6203e-05, 2
0.000727876, 0.000591952, 0.000442246, 0.000225827, 8.75885e-05, 13
0.000729013, 0.000592877, 0.000442937, 0.000226181, 8.77257e-05, 81
0.000729126, 0.00059297, 0.000443007, 0.000226216, 8.77394e-05, 776
 
0.000546758, 0.000444739, 0.000332336, 0.000169766, 6.58651e-05, 1
0.000711839, 0.00057904, 0.000432715, 0.00022106, 8.57714e-05, 4
0.000727063, 0.000591427, 0.000441975, 0.000225794, 8.76089e-05, 9
0.000728582, 0.000592663, 0.000442899, 0.000226266, 8.77922e-05, 79
0.000728734, 0.000592786, 0.000442991, 0.000226313, 8.78105e-05, 785
 
0.000485832, 0.000395229, 0.000295382, 0.000150926, 5.85673e-05, 1
0.000707171, 0.000575305, 0.000429979, 0.00021971, 8.52628e-05, 2
0.000726462, 0.000591001, 0.000441713, 0.000225708, 8.75911e-05, 14
0.00072836, 0.000592545, 0.000442867, 0.000226298, 8.78202e-05, 79
0.00072855, 0.0005927, 0.000442983, 0.000226357, 8.78431e-05, 837
 
0.000364283, 0.000296369, 0.000221516, 0.000113201, 4.39332e-05, 6
0.00070248, 0.000571522, 0.000427181, 0.000218306, 8.47264e-05, 2
0.000725937, 0.000590608, 0.00044145, 0.0002256, 8.75576e-05, 9
0.00072822, 0.000592466, 0.000442838, 0.000226309, 8.78331e-05, 79
0.000728448, 0.000592651, 0.000442977, 0.00022638, 8.78606e-05, 839
 
0.000364241, 0.000296346, 0.00022151, 0.000113206, 4.39383e-05, 7
0.000698084, 0.000567965, 0.000424541, 0.000216972, 8.42137e-05, 2
0.000725455, 0.000590237, 0.00044119, 0.000225483, 8.75174e-05, 10
0.000728119, 0.000592404, 0.000442811, 0.000226311, 8.78389e-05, 79
0.000728385, 0.00059262, 0.000442972, 0.000226394, 8.78709e-05, 793
